000050
000180
000210
000270
000370
000390
000480
000500
000540
000670
000680
000760
000860
000950
001070
001080
001120
001130
001200
001210
001230
001380
001390
001430
001450
001470
001520
001530
001630
001740
001750
001770
001790
001800
001880
001940
002020
002070
002200
002220
002240
002290
002310
002320
002350
002380
002620
002680
002690
002870
002920
002990
003030
003070
003120
003240
003300
003380
003530
003550
003610
003680
003920
003960
004020
004100
004150
004360
004440
004490
004540
004560
004690
004800
004840
004890
004910
004960
004980
004990
005010
005090
005160
005360
005380
005440
005450
005490
005720
005740
005750
005800
005810
005850
005880
005990
006120
006200
006360
006370
006580
006650
006660
006840
006880
007160
007190
007280
007330
007680
007690
007700
007810
007860
007980
008040
008060
008250
008420
008500
009160
009410
009440
009580
009830
010040
010060
010100
010140
010400
010660
010770
011170
011210
011500
012160
012320
012450
012630
012800
012860
013120
013310
013520
013570
013580
013870
014100
014280
014440
014710
014790
015230
015750
015760
015860
016250
016590
016610
016710
016800
016880
017000
017250
017370
017480
017650
017900
017940
018310
019540
019680
019770
020000
021050
023350
023410
023460
023530
023600
023800
024110
024120
024720
024740
024800
024840
024880
024910
025560
025620
025750
025880
025890
025950
026940
027390
027410
028080
030210
030530
030610
030960
031310
031510
031980
032080
032190
032280
032830
032940
033200
033290
033530
033560
033920
034020
034120
034220
034300
035080
035510
035760
035810
035890
036000
036170
036460
036530
036580
036830
037330
037350
037400
037560
037710
038110
038950
039020
039240
039560
039740
040610
041440
041520
041590
041930
042110
042420
042660
042670
043360
043370
043650
044490
044820
045300
048470
049070
049430
049520
049800
049830
050760
050890
052710
053270
053280
053350
053700
053950
054040
054180
054410
054540
054620
054940
055550
056700
057680
058430
058650
060230
060300
060980
061040
061250
063760
064520
064960
065680
066130
066410
066670
066700
067390
067830
069640
069730
070960
071090
071840
071850
071970
072470
073560
075130
076080
076610
077500
078020
078070
078890
079000
079950
079960
079980
080010
080520
080530
081580
082640
082850
083450
083470
083640
084010
084110
084670
084870
085310
085810
087600
088350
088390
089140
089470
089850
090350
090740
091090
091590
092220
092780
093380
094190
094840
095500
095570
095720
095910
096610
096690
097230
097780
098120
099410
100220
100840
101170
101330
101680
101930
102280
102940
103140
103230
103590
106520
108670
115160
117670
120110
121800
122450
122690
122900
122990
123700
123840
126560
126600
126640
127710
128540
128820
129260
130740
133820
136490
137310
138930
139130
139480
140520
143160
143210
145990
151860
154040
155660
155960
161390
170030
174880
181710
183190
187270
192390
196450
200880
204020
206400
210540
212560
215790
228340
237750
238090
239610
267250
267260
267270
290520
294870
298040
306040
308100
318010
322000
347770
363280
375500
393890
446070
