000400
001000
001260
001385
001840
002290
002350
004105
004255
004870
005710
005740
005745
005860
006140
006340
006345
007150
007210
008080
008355
008540
009010
010640
011800
012090
012095
012170
012410
012650
013120
013340
013700
014285
015200
015390
015540
017050
017160
017300
019010
019120
019170
019175
019260
019430
020070
020075
020180
022220
023760
024870
025620
025980
026260
026540
028090
028300
030350
030390
030420
031510
031950
032560
033280
033920
035400
035405
035710
036920
037110
037240
037380
037700
038120
038320
038710
038720
040180
040740
041030
041060
041320
041630
041800
042870
045260
046240
046400
046430
046720
046840
047450
047600
049000
050470
051710
052210
053320
053470
053595
054010
054020
054170
055250
056850
060900
065410
065610
066340
066690
068770
069470
070080
071660
072530
074140
078670
078700
084810
085990
088020
088700
088960
093820
096300
110500
152550
950030